regions:
- MAE: 0.029667316004633904
  MSE: 0.0009348774328827858
  N: 845
  R2: -0.2350611686706543
  expert_id: 1
- MAE: 0.02199726179242134
  MSE: 0.0005616983398795128
  N: 625
  R2: 0.9656806588172913
  expert_id: 2
- MAE: 0.023227907717227936
  MSE: 0.0023427107371389866
  N: 713
  R2: 0.981067955493927
  expert_id: 3
- MAE: 0.018807929009199142
  MSE: 0.0004649327602237463
  N: 535
  R2: 0.9914199709892273
  expert_id: 4
