MAE: 0.01420249417424202
MSE: 0.0006986118969507515
N_test: 2718
R2: 0.9954782724380493
