regions:
- MAE: 0.010872932150959969
  MSE: 0.00012673340097535402
  N: 845
  R2: 0.8325732350349426
  expert_id: 1
- MAE: 0.016437683254480362
  MSE: 0.0003143292560707778
  N: 625
  R2: 0.9807947278022766
  expert_id: 2
- MAE: 0.01767123118042946
  MSE: 0.0020526552107185125
  N: 713
  R2: 0.983411967754364
  expert_id: 3
- MAE: 0.012227313593029976
  MSE: 0.00024623985518701375
  N: 535
  R2: 0.995455801486969
  expert_id: 4
