MAE: 0.024076862260699272
MSE: 0.001125873764976859
N_test: 2718
R2: 0.9927128553390503
